"Phylum=Pseudomonadota" "Phylum=Cyanobacteriota" "Phylum=Actinomycetota" "Phylum=Bacteroidota" "Phylum=Bacillota" "Phylum=Acidobacteriota" "Phylum=other_Bacteria" "Class=Alphaproteobacteria" "Class=Gammaproteobacteria" "Class=other_Pseudomonadota" "Order=Hyphomicrobiales" "Order=Sphingomonadales" "Order=Acetobacterales" "Order=Rickettsiales" "Order=Rhodobacterales" "Order=other_Alphaproteobacteria" "FamilyG=Beijerinckiaceae" "FamilyG=Lichenihabitantaceae" "FamilyG=Methylobacteriaceae" "FamilyG=Methylocystaceae" "FamilyG=Rhizobiaceae" "FamilyG=Xanthobacteraceae" "FamilyG=other_Hyphomicrobiales" "FamilyS=Beijerinckiaceae" "FamilyS=Lichenihabitantaceae" "FamilyS=Methylobacteriaceae" "FamilyS=Methylocystaceae" "FamilyS=Rhizobiaceae" "FamilyS=Xanthobacteraceae" "FamilyS=other_Hyphomicrobiales" "GenusG=Enterovirga" "GenusG=JAJXWB01" "GenusG=Lichenibacterium" "GenusG=Lichenifustis" "GenusG=Lichenihabitans" "GenusG=Methylobacterium" "GenusG=RHAL1" "GenusS=Enterovirga" "GenusS=JAJXWB01" "GenusS=Lichenibacterium" "GenusS=Lichenifustis" "GenusS=Lichenihabitans" "GenusS=Methylobacterium" "GenusS=RHAL1"
"ERR3839837" 0.278759586528843 0.160386795598533 0.371457152384128 0.162387462487496 0.000666888962987663 0.000666888962987663 0.0256752250750252 0.186728909636546 0.0920306768922974 5.55111512312578e-17 0.0486828942980994 0.0956985661887296 0.0283427809269757 0.0106702234078026 0 0.00333444481493833 0.000666888962987663 0.0326775591863955 0.0133377792597533 0 0.00200066688896299 0 1.38777878078145e-17 0.000333444481493831 0.0326775591863955 0.0133377792597533 0 0.00200066688896299 0 0.000333444481493833 0 0 0.031677225741914 0.00100033344448149 0 0.0133377792597533 0 0 0 0.0326775591863955 0 0 0.0133377792597533 0
"ERR3839838" 0.15838612870957 0.601867289096365 0.0543514504834945 0.168722907635879 0.00100033344448149 0.00100033344448149 0.0146715571857287 0.101700566855619 0.0566855618539513 0 0.0280093364454818 0.0516838946315438 0.00300100033344448 0.0180060020006669 0 0.0010003334444815 0 0.0143381127042347 0.0133377792597533 0 0.000333444481493831 0 3.46944695195361e-18 0 0.0143381127042347 0.0133377792597533 0 0.000333444481493831 0 3.46944695195361e-18 0 0 0.0143381127042347 0 0 0.0133377792597533 0 0 0 0.0143381127042347 0 0 0.0133377792597533 0
"ERR3839839" 0.179333333333333 0.231666666666667 0.364666666666667 0.202666666666667 0 0.000666666666666667 0.0209999999999999 0.145 0.0343333333333333 2.77555756156289e-17 0.0646666666666667 0.0526666666666667 0.0186666666666667 0.007 0.000333333333333333 0.00166666666666665 0.000666666666666667 0.0496666666666667 0.013 0 0.00133333333333333 0 -1.38777878078145e-17 0.000666666666666667 0.0496666666666667 0.013 0 0.00133333333333333 0 -1.38777878078145e-17 0 0 0.0476666666666667 0.002 0 0.013 0 0 0 0.0496666666666667 0 0 0.013 0
"ERR3839840" 0.241333333333333 0.530666666666667 0.075 0.135666666666667 0.000666666666666667 0.003 0.0136666666666667 0.204666666666667 0.0363333333333333 0.000333333333333352 0.085 0.0526666666666667 0.058 0.007 0 0.002 0.00133333333333333 0.077 0.006 0 0.000666666666666667 0 0 0.00133333333333333 0.077 0.006 0 0.000666666666666667 0 0 0 0 0.0713333333333333 0.00533333333333333 0.000333333333333333 0.006 0 0 0 0.077 0 0 0.006 0
"ERR3839841" 0.198062792251169 0.359051436205745 0.225450901803607 0.190046760187041 0.00100200400801603 0.000334001336005344 0.0260521042084169 0.164662658650635 0.0334001336005344 2.77555756156289e-17 0.0818303273213093 0.0497661990647963 0.0190380761523046 0.0126920507682031 0 0.0013360053440214 0.00100200400801603 0.0587842351369405 0.0217100868403474 0 0.000334001336005344 0 -1.38777878078145e-17 0.00100200400801603 0.0587842351369405 0.0217100868403474 0 0.000334001336005344 0 -1.38777878078145e-17 0 0 0.0581162324649299 0.000668002672010688 0 0.0217100868403474 0 0 0 0.0587842351369405 0 0 0.0217100868403474 0
"ERR3839842" 0.0736666666666667 0.808666666666667 0.042 0.0746666666666667 0 0 0.001 0.0656666666666667 0.008 1.38777878078145e-17 0.031 0.0116666666666667 0.00466666666666667 0.0183333333333333 0 0 0 0.0213333333333333 0.00966666666666667 0 0 0 0 0 0.0213333333333333 0.00966666666666667 0 0 0 0 0 0 0.0213333333333333 0 0 0.00966666666666667 0 0 0 0.0213333333333333 0 0 0.00966666666666667 0
"ERR3839843" 0.212404134711571 0.630210070023341 0.0663554518172724 0.0846948982994331 0 0.000666888962987663 0.0056685561853953 0.130043347782594 0.0823607869289763 0 0.0383461153717906 0.061353784594865 0.0186728909636546 0.0110036678892964 0 0.000666888962987638 0.000333444481493831 0.0193397799266422 0.0176725575191731 0 0.000666888962987663 0.000333444481493831 6.93889390390723e-18 0.000333444481493831 0.0193397799266422 0.0176725575191731 0 0.000666888962987663 0.000333444481493831 6.93889390390723e-18 0 0 0.0190063354451484 0.000333444481493831 0 0.0176725575191731 0 0 0 0.0193397799266422 0 0 0.0176725575191731 0
"ERR3839844" 0.0707610146862483 0.850133511348465 0.0223631508678238 0.0483978638184246 0.00133511348464619 0 0.0070093457943925 0.0527369826435247 0.0180240320427236 0 0.0156875834445928 0.0160213618157543 0.00400534045393859 0.0163551401869159 0 0.000667556742323099 0 0.00734312416555407 0.00801068090787717 0 0.000333778371161549 0 0 0 0.00734312416555407 0.00801068090787717 0 0.000333778371161549 0 0 0 0 0.00734312416555407 0 0 0.00801068090787717 0 0 0 0.00734312416555407 0 0 0.00801068090787717 0
"ERR3839845" 0.316438812937646 0.517505835278426 0.0430143381127042 0.0570190063354451 0.0570190063354451 0 0.00900300100033347 0.206402134044682 0.110036678892964 0 0.126042014004668 0.0620206735578526 0.00366788929643214 0.0143381127042347 0.000333444481493831 0 0 0.00400133377792598 0.0250083361120373 0 0.0970323441147049 0 0 0 0.00400133377792598 0.0250083361120373 0 0.0970323441147049 0 0 0 0 0.00366788929643214 0.000333444481493831 0 0.0250083361120373 0 0 0 0.00400133377792598 0 0 0.0250083361120373 0
"ERR3839846" 0.45081693897966 0.240746915638546 0.158052684228076 0.126042014004668 0 0.00133377792597533 0.0230076692230743 0.3351117039013 0.115705235078359 5.55111512312578e-17 0.0340113371123708 0.0690230076692231 0.0146715571857286 0.216072024008003 0 0.00133377792597533 0.00100033344448149 0.0186728909636546 0.0103367789263088 0 0.00400133377792598 0 0 0.00100033344448149 0.0186728909636546 0.0103367789263088 0 0.00400133377792598 0 0 0.00133377792597533 0 0.0153384461487162 0.00300100033344448 0 0.00900300100033345 0 0.00133377792597533 0 0.0186728909636546 0 0 0.00900300100033345 0
"ERR3839847" 0.313 0.197333333333333 0.275333333333333 0.178333333333333 0.000666666666666667 0.000666666666666667 0.0346666666666666 0.174666666666667 0.138333333333333 0 0.0436666666666667 0.0716666666666667 0.0213333333333333 0.0356666666666667 0 0.00233333333333333 0.00166666666666667 0.023 0.0153333333333333 0 0.00266666666666667 0.000333333333333333 0.00066666666666667 0.00166666666666667 0.023 0.0153333333333333 0 0.00266666666666667 0.000333333333333333 0.00066666666666667 0 0 0.022 0.001 0 0.0153333333333333 0 0 0 0.023 0 0 0.0153333333333333 0
"ERR3839848" 0.322107369123041 0.124708236078693 0.384461487162387 0.13137712570857 0.00600200066688896 0.00566855618539513 0.0256752250750251 0.19406468822941 0.128042680893631 -5.55111512312578e-17 0.0673557852617539 0.0906968989663221 0.0250083361120373 0.00700233411137046 0 0.004001333777926 0.00266755585195065 0.0403467822607536 0.021673891297099 0 0.00200066688896299 0 0.000666888962987666 0.00200066688896299 0.0403467822607536 0.021673891297099 0 0.00200066688896299 0 0.00133377792597533 0.000333444481493831 0 0.0353451150383461 0.00400133377792598 0.000333444481493831 0.0213404468156052 0 0.000333444481493831 0 0.0403467822607536 0 0 0.0213404468156052 0
"ERR3839849" 0.24 0.461 0.182 0.091 0 0.001 0.025 0.127666666666667 0.112333333333333 0 0.03 0.0513333333333333 0.0276666666666667 0.016 0.000666666666666667 0.002 0.000333333333333333 0.021 0.00733333333333333 0 0.000666666666666667 0 0.000666666666666663 0.000333333333333333 0.021 0.00733333333333333 0 0.000666666666666667 0 0.000666666666666663 0 0 0.0203333333333333 0.000666666666666667 0 0.00733333333333333 0 0 0 0.021 0 0 0.00733333333333333 0
"ERR3839850" 0.323097463284379 0.373497997329773 0.21128170894526 0.0537383177570093 0.000667556742323097 0.00267022696929239 0.0350467289719626 0.116154873164219 0.206608811748999 0.000333778371161553 0.040720961281709 0.0437249666221629 0.0183578104138852 0.0130173564753004 0 0.000333778371161553 0.00100133511348465 0.0223631508678238 0.0160213618157543 0 0.000333778371161549 0 0.00100133511348465 0.000667556742323097 0.0233644859813084 0.0160213618157543 0 0.000333778371161549 0 0.000333778371161553 0.000667556742323097 0 0.0183578104138852 0.00267022696929239 0 0.0153538050734312 0 0.000667556742323097 0 0.0233644859813084 0 0 0.0153538050734312 0
"ERR3839851" 0.164109406270847 0.513342228152101 0.159106070713809 0.125083388925951 0.00300200133422282 0.000333555703802535 0.0350233488992662 0.10006671114076 0.0640426951300867 -2.77555756156289e-17 0.0246831220813876 0.0416944629753169 0.00967311541027352 0.0223482321547698 0 0.00166777851901267 0.00066711140760507 0.0130086724482989 0.00900600400266845 0 0.00200133422281521 0 0 0.00066711140760507 0.0130086724482989 0.00900600400266845 0 0.00200133422281521 0 0 0 0 0.0126751167444963 0.000333555703802535 0 0.00900600400266845 0 0 0 0.0130086724482989 0 0 0.00900600400266845 0
"ERR3839852" 0.191127418278853 0.248165443629086 0.324883255503669 0.213475650433622 0.00100066711140761 0.00133422281521014 0.0200133422281522 0.135757171447632 0.0553702468312208 2.77555756156289e-17 0.0627084723148766 0.0346897931954636 0.0226817878585724 0.0140093395597065 0 0.00166777851901265 0.00066711140760507 0.0383589059372915 0.02368245496998 0 0 0 0 0.00066711140760507 0.0383589059372915 0.02368245496998 0 0 0 0 0 0 0.038025350233489 0.000333555703802535 0 0.02368245496998 0 0 0 0.0383589059372915 0 0 0.02368245496998 0
"ERR3839853" 0.160386795598533 0.708236078692898 0.0270090030010003 0.0993664554851617 0.000333444481493831 0.000333444481493831 0.00433477825941975 0.0816938979659887 0.0786928976325442 -2.77555756156289e-17 0.00966988996332111 0.0466822274091364 0.00500166722240747 0.0203401133711237 0 0 0 0.00166722240746916 0.00700233411137046 0 0.00100033344448149 0 0 0 0.00166722240746916 0.00700233411137046 0 0.00100033344448149 0 0 0 0 0.00166722240746916 0 0 0.00700233411137046 0 0 0 0.00166722240746916 0 0 0.00700233411137046 0
"ERR3839854" 0.196 0.619 0.0456666666666667 0.128333333333333 0.00166666666666667 0 0.00933333333333342 0.150333333333333 0.0456666666666667 0 0.0173333333333333 0.103333333333333 0.005 0.024 0 0.000666666666666677 0.000333333333333333 0.005 0.0116666666666667 0 0.000333333333333333 0 -3.46944695195361e-18 0.000333333333333333 0.005 0.0116666666666667 0 0.000333333333333333 0 -3.46944695195361e-18 0 0 0.005 0 0 0.0116666666666667 0 0 0 0.005 0 0 0.0116666666666667 0
"ERR3839855" 0.226742247415805 0.220406802267422 0.35511837279093 0.163721240413471 0.00266755585195065 0.00100033344448149 0.0303434478159386 0.160386795598533 0.0663554518172724 0 0.0746915638546182 0.055351783927976 0.0200066688896299 0.00766922307435812 0 0.00266755585195064 0.00200066688896299 0.0530176725575192 0.0163387795931977 0 0.00300100033344448 0 0.000333444481493833 0.00166722240746916 0.0530176725575192 0.0163387795931977 0 0.00300100033344448 0 0.000666888962987666 0 0 0.0523507835945315 0.000333444481493831 0 0.0163387795931977 0 0 0 0.0530176725575192 0 0 0.0163387795931977 0
"ERR3839856" 0.291861240827218 0.203468979319546 0.269179452968646 0.193795863909273 0.00533689126084056 0.00400266844563042 0.0323549032688458 0.215476984656438 0.076050700466978 0.000333555703802502 0.0770513675783856 0.0917278185456971 0.0350233488992662 0.00933955970647098 0 0.00233488992661776 0.00133422281521014 0.0633755837224817 0.0106737825216811 0 0.00133422281521014 0 0.000333555703802516 0.00133422281521014 0.0633755837224817 0.0106737825216811 0 0.00133422281521014 0 0.000333555703802516 0 0 0.0603735823882588 0.00300200133422282 0 0.0106737825216811 0 0 0 0.0633755837224817 0 0 0.0106737825216811 0
"ERR3839857" 0.342333333333333 0.319 0.191666666666667 0.106666666666667 0.00566666666666667 0.002 0.0326666666666666 0.142 0.2 0.000333333333333352 0.0433333333333333 0.048 0.029 0.0186666666666667 0.000333333333333333 0.00266666666666665 0.00133333333333333 0.0323333333333333 0.008 0 0.00133333333333333 0.000333333333333333 6.93889390390723e-18 0.00133333333333333 0.0323333333333333 0.008 0 0.00133333333333333 0.000333333333333333 6.93889390390723e-18 0 0 0.029 0.003 0.000333333333333333 0.008 0 0 0 0.0323333333333333 0 0 0.008 0
"ERR3839858" 0.466333333333333 0.426 0.0296666666666667 0.069 0.000333333333333333 0.001 0.00766666666666682 0.136 0.330333333333333 0 0.07 0.044 0.0106666666666667 0.011 0 0.000333333333333324 0.000333333333333333 0.064 0.00566666666666667 0 0 0 0 0.000333333333333333 0.064 0.00566666666666667 0 0 0 0 0 0 0.062 0.002 0 0.00566666666666667 0 0 0 0.064 0 0 0.00566666666666667 0
"ERR3839859" 0.200333333333333 0.595666666666667 0.0776666666666667 0.0943333333333333 0.003 0.002 0.0269999999999999 0.148666666666667 0.051 0.000666666666666677 0.0733333333333333 0.035 0.0193333333333333 0.02 0 0.001 0.00133333333333333 0.0606666666666667 0.01 0 0.001 0 0.000333333333333338 0.001 0.0606666666666667 0.01 0 0.001 0 0.000666666666666663 0.000333333333333333 0 0.0593333333333333 0.00133333333333333 0 0.00966666666666667 0 0.000333333333333333 0 0.0606666666666667 0 0 0.00966666666666667 0
"ERR3839860" 0.194129419613075 0.481320880587058 0.192461641094063 0.111741160773849 0 0.000333555703802535 0.0200133422281521 0.126417611741161 0.0673782521681121 0.000333555703802529 0.0386924616410941 0.0550366911274183 0.0126751167444963 0.0190126751167445 0 0.00100066711140762 0.00066711140760507 0.0293529019346231 0.00833889259506338 0 0.000333555703802535 0 0 0.00066711140760507 0.0293529019346231 0.00833889259506338 0 0.000333555703802535 0 0 0 0 0.0280186791194129 0.00133422281521014 0 0.00833889259506338 0 0 0 0.0293529019346231 0 0 0.00833889259506338 0
"ERR3839861" 0.0906666666666667 0.851 0.0193333333333333 0.031 0 0 0.00800000000000001 0.0526666666666667 0.038 0 0.012 0.0153333333333333 0.000666666666666667 0.0243333333333333 0 0.000333333333333338 0 0.00566666666666667 0.00633333333333333 0 0 0 0 0 0.00566666666666667 0.00633333333333333 0 0 0 0 0 0 0.00566666666666667 0 0 0.00633333333333333 0 0 0 0.00566666666666667 0 0 0.00633333333333333 0
"ERR3839862" 0.117450784117451 0.800467133800467 0.0186853520186854 0.0597263930597264 0 0 0.00367033700367037 0.0543877210543877 0.0630630630630631 1.38777878078145e-17 0.016016016016016 0.0153486820153487 0.00133466800133467 0.0216883550216884 0 6.93889390390723e-18 0 0.0103436770103437 0.00533867200533867 0 0.000333667000333667 0 0 0 0.0103436770103437 0.00533867200533867 0 0.000333667000333667 0 0 0 0 0.00967634300967634 0.000667334000667334 0 0.00533867200533867 0 0 0 0.0103436770103437 0 0 0.00533867200533867 0
"ERR3839863" 0.272787979966611 0.52220367278798 0.0373956594323873 0.11686143572621 0.00333889816360601 0.000333889816360601 0.0470784641068447 0.0891485809682805 0.183639398998331 5.55111512312578e-17 0.0427378964941569 0.0227045075125209 0.00200333889816361 0.0210350584307179 0 0.000667779632721202 0 0.0247078464106845 0.0180300500834725 0 0 0 0 0 0.0247078464106845 0.0180300500834725 0 0 0 0 0 0 0.0247078464106845 0 0 0.0180300500834725 0 0 0 0.0247078464106845 0 0 0.0180300500834725 0
"ERR3839864" 0.275666666666667 0.275333333333333 0.333666666666667 0.0996666666666667 0.000333333333333333 0.000666666666666667 0.0146666666666667 0.232666666666667 0.0423333333333333 0.000666666666666649 0.0986666666666667 0.096 0.0133333333333333 0.0236666666666667 0 0.001 0.00166666666666667 0.0763333333333333 0.0186666666666667 0 0.001 0 0.001 0.00166666666666667 0.0763333333333333 0.0186666666666667 0 0.001 0 0.001 0 0 0.0723333333333333 0.00333333333333333 0.000666666666666667 0.0186666666666667 0 0 0 0.0763333333333333 0 0 0.0186666666666667 0
"ERR3839865" 0.280520346897932 0.197131420947298 0.314876584389593 0.175116744496331 0.00100066711140761 0.00100066711140761 0.0303535690460308 0.226484322881921 0.0540360240160107 0 0.0960640426951301 0.0927284856571047 0.0213475650433622 0.0130086724482989 0 0.00333555703802535 0.000333555703802535 0.0773849232821881 0.0110073382254837 0.000333555703802535 0.00533689126084056 0 0.00166777851901269 0.000333555703802535 0.0773849232821881 0.0110073382254837 0 0.00533689126084056 0 0.00200133422281522 0 0.000333555703802535 0.0753835890593729 0.00200133422281521 0 0.0110073382254837 0 0 0 0.0773849232821881 0 0 0.0110073382254837 0
"ERR3839866" 0.266666666666667 0.245666666666667 0.285 0.172666666666667 0.000333333333333333 0.00166666666666667 0.0280000000000001 0.244666666666667 0.022 0 0.150333333333333 0.0536666666666667 0.0266666666666667 0.00966666666666667 0 0.00433333333333333 0.000666666666666667 0.134666666666667 0.0143333333333333 0 0.000333333333333333 0 0.000333333333333352 0.000666666666666667 0.134666666666667 0.0143333333333333 0 0.000333333333333333 0 0.000333333333333352 0 0 0.132333333333333 0.00233333333333333 0 0.0143333333333333 0 0 0 0.134666666666667 0 0 0.0143333333333333 0
"ERR3839867" 0.13809206137425 0.762508338892595 0.0466977985323549 0.0440293529019346 0.00066711140760507 0 0.00800533689126071 0.106070713809206 0.0320213475650434 0 0.0246831220813876 0.0223482321547698 0.00600400266844563 0.052368245496998 0 0.000667111407605073 0.00133422281521014 0.0176784523015344 0.0056704469646431 0 0 0 0 0.00100066711140761 0.0176784523015344 0.0056704469646431 0 0 0 0.000333555703802536 0 0 0.0170113408939293 0.00066711140760507 0 0.0056704469646431 0 0 0 0.0176784523015344 0 0 0.0056704469646431 0
"ERR3839868" 0.157262103505843 0.634056761268781 0.125208681135225 0.069449081803005 0.0010016694490818 0.00233722871452421 0.0106844741235393 0.118530884808013 0.0387312186978297 0 0.0410684474123539 0.0373956594323873 0.0103505843071786 0.0277128547579299 0 0.00200333889816362 0.000667779632721202 0.0327212020033389 0.00667779632721202 0 0.0010016694490818 0 0 0.000667779632721202 0.0327212020033389 0.00667779632721202 0 0.0010016694490818 0 0 0 0 0.0323873121869783 0.000333889816360601 0 0.00667779632721202 0 0 0 0.0327212020033389 0 0 0.00667779632721202 0
"ERR3839869" 0.186978297161937 0.564273789649416 0.132888146911519 0.0844741235392321 0.0103505843071786 0.00200333889816361 0.0190317195325542 0.145909849749583 0.0407345575959933 0.000333889816360622 0.0353923205342237 0.0621035058430718 0.00968280467445743 0.0367278797996661 0 0.00200333889816359 0.000667779632721202 0.0200333889816361 0.00901502504173623 0 0.00500834724540901 0 0.000667779632721202 0.000667779632721202 0.0200333889816361 0.00901502504173623 0 0.00500834724540901 0 0.000667779632721202 0 0 0.0193656093489149 0.000667779632721202 0 0.00901502504173623 0 0 0 0.0200333889816361 0 0 0.00901502504173623 0
"ERR3839870" 0.364941569282137 0.282804674457429 0.202337228714524 0.129883138564274 0.0010016694490818 0.0013355592654424 0.0176961602671118 0.265108514190317 0.0991652754590985 0.000667779632721244 0.0584307178631052 0.173956594323873 0.00834724540901502 0.0233722871452421 0 0.00100166944908181 0 0.0180300500834725 0.0390651085141903 0 0.0013355592654424 0 0 0 0.0180300500834725 0.0390651085141903 0 0.0013355592654424 0 0 0 0 0.0156928213689482 0.00200333889816361 0.000333889816360601 0.0390651085141903 0 0 0 0.0180300500834725 0 0 0.0390651085141903 0
"ERR3839871" 0.209552640430542 0.633030608812647 0.072317524386142 0.0750084090144635 0.00269088462832156 0.000336360578540195 0.00706357214934417 0.132526067944837 0.0770265724857047 -2.77555756156289e-17 0.0400269088462832 0.0635721493440969 0.00269088462832156 0.024217961654894 0 0.00201816347124117 0.000336360578540195 0.00807265388496468 0.0228725193407333 0 0.00739993272788429 0 0.00134544231416078 0 0.00807265388496468 0.0228725193407333 0 0.00739993272788429 0 0.00168180289270098 0 0 0.00639085099226371 0.00134544231416078 0.000336360578540195 0.0228725193407333 0 0 0 0.00807265388496468 0 0 0.0228725193407333 0
"ERR3839872" 0.090393595730487 0.791194129419613 0.0550366911274183 0.0456971314209473 0.000333555703802535 0 0.0173448965977318 0.0690460306871248 0.0210140093395597 0.000333555703802529 0.0283522348232155 0.0156771180787191 0.00433622414943296 0.0206804536357572 0 1.38777878078145e-17 0 0.0210140093395597 0.00600400266844563 0 0.00133422281521014 0 0 0 0.0210140093395597 0.00600400266844563 0 0.00133422281521014 0 0 0 0 0.019346230820547 0.00133422281521014 0.000333555703802535 0.00600400266844563 0 0 0 0.0210140093395597 0 0 0.00600400266844563 0
"ERR3839873" 0.565653190778483 0.15970598062145 0.0915469428666889 0.0888740394253258 0.0778483127297026 0.00567991981289676 0.0106916137654528 0.208820581356499 0.356164383561644 0.000668225860340765 0.122285332442366 0.0474440360841965 0.0153691947878383 0.0213832275309054 0 0.00233879051119279 0 0.0414300033411293 0.00167056465085199 0 0.0791847644503842 0 -1.38777878078145e-17 0 0.0414300033411293 0.00167056465085199 0 0.0791847644503842 0 -1.38777878078145e-17 0 0 0.0387570998997661 0.00233879051119278 0.000334112930170398 0.00167056465085199 0 0 0 0.0414300033411293 0 0 0.00167056465085199 0
"ERR3839874" 0.143714571523841 0.3081027009003 0.435478492830944 0.0816938979659887 0.000333444481493831 0.00266755585195065 0.0280093364454818 0.108702900966989 0.0346782260753585 0.000333444481493833 0.0286762254084695 0.0373457819273091 0.00766922307435812 0.0303434478159386 0 0.00466822274091364 0.000333444481493831 0.0240080026675559 0.00266755585195065 0 0.000666888962987663 0.000333444481493831 0.000666888962987666 0.000333444481493831 0.0240080026675559 0.00266755585195065 0 0.000666888962987663 0.000333444481493831 0.000666888962987666 0 0 0.0203401133711237 0.00366788929643214 0 0.00266755585195065 0 0 0 0.0240080026675559 0 0 0.00266755585195065 0
"ERR3839875" 0.196065355118373 0.463821273757919 0.23674558186062 0.0580193397799266 0.0183394464821607 0.00700233411137046 0.0200066688896299 0.116038679559853 0.0796932310770257 0.000333444481493833 0.0380126708902968 0.0443481160386796 0.00866955651883961 0.021673891297099 0 0.0033344448149383 0.000333444481493831 0.0340113371123708 0.00133377792597533 0 0.00200066688896299 0.000333444481493831 0 0.000333444481493831 0.0340113371123708 0.00133377792597533 0 0.00200066688896299 0.000333444481493831 0 0 0 0.0290096698899633 0.00500166722240747 0 0.00133377792597533 0 0 0 0.0340113371123708 0 0 0.00133377792597533 0
"ERR3839876" 0.192333333333333 0.644 0.127 0.0296666666666667 0 0.00266666666666667 0.0043333333333333 0.133 0.0593333333333333 -2.77555756156289e-17 0.022 0.0463333333333333 0.00833333333333333 0.054 0 0.00233333333333335 0 0.0186666666666667 0.003 0 0.000333333333333333 0 -3.46944695195361e-18 0 0.0186666666666667 0.003 0 0.000333333333333333 0 -3.46944695195361e-18 0 0 0.0166666666666667 0.002 0 0.003 0 0 0 0.0186666666666667 0 0 0.003 0
"ERR3839877" 0.16972324108036 0.510503501167056 0.215071690563521 0.0820273424474825 0.00333444481493831 0.00600200066688896 0.0133377792597533 0.114704901633878 0.0546848949649883 0.000333444481493833 0.0416805601867289 0.0403467822607536 0.00966988996332111 0.0200066688896299 0 0.00300100033344448 0.000666888962987663 0.03567855951984 0.00466822274091364 0 0.000666888962987663 0 6.93889390390723e-18 0.000666888962987663 0.03567855951984 0.00466822274091364 0 0.000666888962987663 0 6.93889390390723e-18 0 0 0.0326775591863955 0.00266755585195065 0.000333444481493831 0.00466822274091364 0 0 0 0.03567855951984 0 0 0.00466822274091364 0
"ERR3839878" 0.08702900966989 0.815605201733911 0.077025675225075 0.0150050016672224 0.000666888962987663 0.00133377792597533 0.00333444481493828 0.0673557852617539 0.019673224408136 1.38777878078145e-17 0.0136712237412471 0.0170056685561854 0.00500166722240747 0.0313437812604201 0 0.000333444481493819 0 0.0126708902967656 0.000666888962987663 0 0.000333444481493831 0 0 0 0.0126708902967656 0.000666888962987663 0 0.000333444481493831 0 0 0 0 0.0116705568522841 0.00100033344448149 0 0.000666888962987663 0 0 0 0.0126708902967656 0 0 0.000666888962987663 0
"ERR3839879" 0.132666666666667 0.84 0.018 0.00766666666666667 0 0 0.0016666666666667 0.021 0.111666666666667 0 0.00366666666666667 0.00333333333333333 0.000333333333333333 0.0136666666666667 0 0 0 0.003 0.000666666666666667 0 0 0 0 0 0.003 0.000666666666666667 0 0 0 0 0 0 0.003 0 0 0.000666666666666667 0 0 0 0.003 0 0 0.000666666666666667 0
"ERR3839880" 0.18651985318652 0.758758758758759 0.0206873540206874 0.0303636970303637 0 0.000333667000333667 0.00333667000333671 0.157824491157824 0.0286953620286954 0 0.0640640640640641 0.0173506840173507 0.00233566900233567 0.0734067400734067 0 0.000667334000667319 0.000333667000333667 0.05005005005005 0.0136803470136803 0 0 0 0 0.000333667000333667 0.05005005005005 0.0136803470136803 0 0 0 0 0 0 0.0467133800467134 0.003003003003003 0.000333667000333667 0.0136803470136803 0 0 0 0.05005005005005 0 0 0.0136803470136803 0
"ERR3839881" 0.101240362051626 0.863895407308079 0.0187730472678512 0.00972175662085149 0.000670465973851827 0.00134093194770365 0.00435802883003689 0.0888367415353671 0.0124036205162588 0 0.0137445524639625 0.00905129064699966 0.00134093194770365 0.0636942675159236 0.00100569896077774 0 0 0.00972175662085149 0.00368756285618505 0 0.000335232986925914 0 0 0 0.00972175662085149 0.00368756285618505 0 0.000335232986925914 0 0 0 0 0.00871605766007375 0.00100569896077774 0 0.00368756285618505 0 0 0 0.00972175662085149 0 0 0.00368756285618505 0
"ERR3839882" 0.25008347245409 0.201669449081803 0.417028380634391 0.0994991652754591 0.00267111853088481 0.00267111853088481 0.0263772954924877 0.18864774624374 0.0607679465776294 0.000667779632721188 0.0721202003338898 0.0781302170283806 0.0223706176961603 0.011686143572621 0.000667779632721202 0.00367278797996659 0.0010016694490818 0.0540901502504174 0.013355592654424 0 0.00200333889816361 0.000333889816360601 0.0013355592654424 0.0010016694490818 0.0540901502504174 0.013355592654424 0 0.00200333889816361 0.000333889816360601 0.0013355592654424 0.000333889816360601 0 0.0464106844741235 0.00734557595993322 0.000333889816360601 0.0130217028380634 0 0.000333889816360601 0 0.0540901502504174 0 0 0.0130217028380634 0
"ERR3839883" 0.329329329329329 0.267600934267601 0.240573907240574 0.133466800133467 0.00233566900233567 0.00533867200533867 0.0213546880213548 0.24024024024024 0.0890890890890891 0 0.104437771104438 0.0904237570904238 0.0193526860193527 0.021021021021021 0 0.005005005005005 0.001001001001001 0.0597263930597264 0.0146813480146813 0 0.00700700700700701 0.000333667000333667 0.0216883550216884 0.000667334000667334 0.0597263930597264 0.0146813480146813 0 0.00700700700700701 0.000333667000333667 0.022022022022022 0 0 0.0563897230563897 0.00333667000333667 0 0.0146813480146813 0 0 0 0.0597263930597264 0 0 0.0146813480146813 0
"ERR3839884" 0.320855614973262 0.169117647058824 0.351604278074866 0.119318181818182 0.0116978609625668 0.00300802139037433 0.024398395721925 0.259024064171123 0.0611631016042781 0.000668449197860965 0.0982620320855615 0.123663101604278 0.0210561497326203 0.0103609625668449 0 0.00568181818181818 0.000334224598930481 0.0785427807486631 0.0167112299465241 0 0.00267379679144385 0 1.38777878078145e-17 0.000334224598930481 0.0785427807486631 0.0167112299465241 0 0.00267379679144385 0 1.38777878078145e-17 0.000668449197860963 0 0.071524064171123 0.00701871657754011 0 0.0160427807486631 0 0.000668449197860963 0 0.0785427807486631 0 0 0.0160427807486631 0
"ERR3839885" 0.236666666666667 0.628 0.024 0.103333333333333 0.000333333333333333 0 0.00766666666666671 0.169333333333333 0.0673333333333333 0 0.0916666666666667 0.0376666666666667 0.006 0.033 0 0.001 0 0.0823333333333333 0.009 0 0.000333333333333333 0 0 0 0.0823333333333333 0.009 0 0.000333333333333333 0 0 0 0 0.082 0.000333333333333333 0 0.009 0 0 0 0.0823333333333333 0 0 0.009 0
"ERR3839886" 0.349 0.444666666666667 0.0533333333333333 0.135333333333333 0.00633333333333333 0.00166666666666667 0.00966666666666671 0.282333333333333 0.0663333333333333 0.000333333333333297 0.123666666666667 0.107333333333333 0.0146666666666667 0.035 0 0.0016666666666667 0 0.118333333333333 0.005 0 0.000333333333333333 0 -1.38777878078145e-17 0 0.118333333333333 0.005 0 0.000333333333333333 0 -1.38777878078145e-17 0 0 0.116333333333333 0.002 0 0.005 0 0 0 0.118333333333333 0 0 0.005 0
"ERR3839887" 0.334334334334334 0.363363363363363 0.0800800800800801 0.194527861194528 0 0.011011011011011 0.0166833500166833 0.314314314314314 0.0193526860193527 0.000667334000667319 0.205538872205539 0.0507173840507174 0.0166833500166833 0.0407073740407074 0 0.000667334000667319 0.00233566900233567 0.191524858191525 0.0113446780113447 0 0.000333667000333667 0 0 0.002002002002002 0.191524858191525 0.0113446780113447 0 0.000333667000333667 0 0.00033366700033366 0 0 0.187520854187521 0.004004004004004 0 0.0113446780113447 0 0 0 0.191524858191525 0 0 0.0113446780113447 0
"ERR3839888" 0.358263772954925 0.403338898163606 0.100500834724541 0.117195325542571 0.000667779632721202 0.00567612687813022 0.0143572621035059 0.193322203672788 0.164941569282137 0 0.082804674457429 0.0520868113522538 0.0347245409015025 0.0220367278797997 0 0.00166944908180303 0.000667779632721202 0.066110183639399 0.0103505843071786 0 0.00500834724540901 0 0.000667779632721216 0.000667779632721202 0.066110183639399 0.0103505843071786 0 0.00500834724540901 0 0.000667779632721216 0 0 0.0651085141903172 0.0010016694490818 0 0.0103505843071786 0 0 0 0.066110183639399 0 0 0.0103505843071786 0
"ERR3839889" 0.325876460767947 0.413689482470785 0.104841402337229 0.141235392320534 0.000667779632721202 0.00200333889816361 0.0116861435726211 0.226377295492487 0.0991652754590985 0.000333889816360622 0.123205342237062 0.0517529215358932 0.0123539232053422 0.0377295492487479 0 0.0013355592654424 0 0.105843071786311 0.015025041736227 0 0.00233722871452421 0 1.38777878078145e-17 0 0.105843071786311 0.015025041736227 0 0.00233722871452421 0 1.38777878078145e-17 0 0 0.101836393989983 0.00367278797996661 0.000333889816360601 0.015025041736227 0 0 0 0.105843071786311 0 0 0.015025041736227 0
"ERR3839890" 0.294961628294962 0.410076743410077 0.161494828161495 0.10377043710377 0.00166833500166833 0.00467133800467134 0.0233566900233567 0.243243243243243 0.0513847180513847 0.00033366700033366 0.0994327660994328 0.0987654320987654 0.0276943610276944 0.016016016016016 0.000333667000333667 0.00100100100100106 0.002002002002002 0.0704037370704037 0.0263596930263597 0 0.000667334000667334 0 0 0.00133466800133467 0.0704037370704037 0.0263596930263597 0 0.000667334000667334 0 0.000667334000667333 0.000333667000333667 0 0.0633967300633967 0.00633967300633967 0.000667334000667334 0.026026026026026 0 0.000333667000333667 0 0.0704037370704037 0 0 0.026026026026026 0
"ERR3839891" 0.370666666666667 0.388 0.047 0.167666666666667 0.001 0.00533333333333333 0.0203333333333334 0.302 0.0676666666666667 0.001 0.186666666666667 0.0696666666666667 0.034 0.0103333333333333 0 0.00133333333333335 0.006 0.172 0.007 0 0.000666666666666667 0.001 0 0.006 0.172 0.007 0 0.000666666666666667 0.001 0 0 0 0.171333333333333 0.000666666666666667 0 0.007 0 0 0 0.172 0 0 0.007 0
"ERR3839892" 0.333 0.461333333333333 0.068 0.123333333333333 0.000666666666666667 0.00466666666666667 0.0089999999999999 0.230666666666667 0.101666666666667 0.000666666666666704 0.142666666666667 0.0446666666666667 0.0313333333333333 0.009 0.000333333333333333 0.00266666666666668 0.00433333333333333 0.131666666666667 0.00566666666666667 0 0.001 0 0 0.00433333333333333 0.131666666666667 0.00566666666666667 0 0.001 0 0 0.000333333333333333 0 0.129 0.00266666666666667 0 0.00533333333333333 0 0.000333333333333333 0 0.131666666666667 0 0 0.00533333333333333 0
"ERR3839893" 0.355355355355355 0.325325325325325 0.128461795128462 0.17283950617284 0.001001001001001 0.00266933600266934 0.0143476810143477 0.309976643309977 0.0443777110443777 0.00100100100100098 0.207874541207875 0.0457123790457124 0.0407073740407074 0.014014014014014 0 0.0016683350016683 0.0103436770103437 0.191191191191191 0.00467133800467134 0 0.001001001001001 0 0.000667334000667347 0.0103436770103437 0.191191191191191 0.00467133800467134 0 0.001001001001001 0 0.000667334000667347 0 0 0.189856523189857 0.00133466800133467 0 0.00467133800467134 0 0 0 0.191191191191191 0 0 0.00467133800467134 0
"ERR3839894" 0.498664886515354 0.243324432576769 0.0544058744993324 0.166889185580774 0.0143524699599466 0.00433911882510013 0.0180240320427236 0.154873164218959 0.343791722296395 0 0.0771028037383178 0.0493991989319092 0.0153538050734312 0.0110146862483311 0 0.00200267022696932 0.00534045393858478 0.0684245660881175 0.00300400534045394 0 0.000333778371161549 0 0 0.00534045393858478 0.0684245660881175 0.00300400534045394 0 0.000333778371161549 0 0 0 0 0.0664218958611482 0.00166889185580774 0.000333778371161549 0.00300400534045394 0 0 0 0.0684245660881175 0 0 0.00300400534045394 0
"ERR3839895" 0.341894596397598 0.392261507671781 0.033689126084056 0.21581054036024 0 0.00700466977985324 0.00933955970647093 0.21581054036024 0.126084056037358 0 0.115076717811875 0.0553702468312208 0.0276851234156104 0.0156771180787191 0 0.00200133422281523 0.0110073382254837 0.0977318212141428 0.0056704469646431 0 0.00066711140760507 0 0 0.0110073382254837 0.0977318212141428 0.0056704469646431 0 0.00066711140760507 0 0 0 0 0.0940627084723149 0.00266844563042028 0.00100066711140761 0.0056704469646431 0 0 0 0.0977318212141428 0 0 0.0056704469646431 0
"ERR3839896" 0.255 0.51 0.051 0.157666666666667 0.001 0.00766666666666667 0.0176666666666666 0.184666666666667 0.07 0.000333333333333297 0.0796666666666667 0.0513333333333333 0.028 0.0236666666666667 0 0.002 0.009 0.0663333333333333 0.003 0 0.001 0.000333333333333333 0 0.00866666666666667 0.0663333333333333 0.003 0 0.001 0.000333333333333333 0.000333333333333324 0.000333333333333333 0 0.0626666666666667 0.00366666666666667 0 0.00266666666666667 0 0.000333333333333333 0 0.0663333333333333 0 0 0.00266666666666667 0
"ERR3839897" 0.100333333333333 0.804 0.037 0.0503333333333333 0.002 0.00133333333333333 0.00499999999999989 0.0763333333333333 0.0236666666666667 0.000333333333333324 0.0346666666666667 0.0186666666666667 0.0103333333333333 0.0113333333333333 0 0.00133333333333334 0.000333333333333333 0.0293333333333333 0.00466666666666667 0 0.000333333333333333 0 0 0.000333333333333333 0.0293333333333333 0.00466666666666667 0 0.000333333333333333 0 0 0 0 0.029 0.000333333333333333 0 0.00466666666666667 0 0 0 0.0293333333333333 0 0 0.00466666666666667 0
"ERR3839898" 0.318879252835224 0.505336891260841 0.0560373582388259 0.102735156771181 0.00166777851901268 0.00100066711140761 0.0143428952635091 0.149099399599733 0.169112741827885 0.000667111407605114 0.048032021347565 0.0793862575050033 0.0066711140760507 0.0150100066711141 0 0 0 0.0310206804536358 0.0153435623749166 0 0.00133422281521014 0 0.000333555703802536 0 0.0310206804536358 0.0153435623749166 0 0.00133422281521014 0 0.000333555703802536 0 0 0.0303535690460307 0.000333555703802535 0.000333555703802535 0.0153435623749166 0 0 0 0.0310206804536358 0 0 0.0153435623749166 0
"ERR3839899" 0.412666666666667 0.430666666666667 0.0413333333333333 0.102 0.000333333333333333 0.000333333333333333 0.0126666666666668 0.148333333333333 0.264333333333333 5.55111512312578e-17 0.0623333333333333 0.0663333333333333 0.0106666666666667 0.009 0 2.77555756156289e-17 0.000666666666666667 0.0466666666666667 0.015 0 0 0 -6.93889390390723e-18 0.000666666666666667 0.0466666666666667 0.015 0 0 0 -6.93889390390723e-18 0 0 0.0463333333333333 0.000333333333333333 0 0.015 0 0 0 0.0466666666666667 0 0 0.015 0
"ERR3839900" 0.390130043347783 0.383127709236412 0.0436812270756919 0.15405135045015 0 0.00900300100033345 0.0200066688896298 0.316438812937646 0.0733577859286429 0.000333444481493861 0.139379793264421 0.0826942314104702 0.0696898966322107 0.0213404468156052 0 0.00333444481493828 0.00333444481493831 0.121707235745248 0.0100033344448149 0 0.00433477825941981 0 2.77555756156289e-17 0.00333444481493831 0.121707235745248 0.0100033344448149 0 0.00433477825941981 0 2.77555756156289e-17 0 0 0.116038679559853 0.0053351117039013 0.000333444481493831 0.0100033344448149 0 0 0 0.121707235745248 0 0 0.0100033344448149 0
"ERR3839901" 0.364 0.385666666666667 0.041 0.197 0.000333333333333333 0.00433333333333333 0.00766666666666671 0.334 0.03 0 0.150666666666667 0.105333333333333 0.07 0.00666666666666667 0 0.00133333333333335 0.003 0.135 0.01 0 0.00266666666666667 0 -2.77555756156289e-17 0.003 0.135 0.01 0 0.00266666666666667 0 -2.77555756156289e-17 0 0 0.130666666666667 0.004 0.000333333333333333 0.01 0 0 0 0.135 0 0 0.01 0
"ERR3839902" 0.363666666666667 0.372 0.0856666666666667 0.157666666666667 0 0.005 0.0159999999999999 0.237 0.126 0.000666666666666704 0.0746666666666667 0.101333333333333 0.0476666666666667 0.00933333333333333 0 0.004 0.00233333333333333 0.0583333333333333 0.00833333333333333 0 0.00566666666666667 0 0 0.00233333333333333 0.0583333333333333 0.00833333333333333 0 0.00566666666666667 0 0 0 0 0.052 0.00533333333333333 0.001 0.00833333333333333 0 0 0 0.0583333333333333 0 0 0.00833333333333333 0
"ERR3839903" 0.221888555221889 0.509509509509509 0.141141141141141 0.107774441107774 0 0.00467133800467134 0.015015015015015 0.167167167167167 0.0547213880547214 0 0.0663997330663997 0.0413747080413747 0.0433767100433767 0.0143476810143477 0 0.00166833500166833 0.002002002002002 0.0523857190523857 0.0106773440106773 0 0.00133466800133467 0 1.38777878078145e-17 0.00166833500166833 0.0523857190523857 0.0106773440106773 0 0.00133466800133467 0 0.000333667000333673 0 0 0.048048048048048 0.00433767100433767 0 0.0106773440106773 0 0 0 0.0523857190523857 0 0 0.0106773440106773 0
"ERR3839904" 0.173666666666667 0.299333333333333 0.336666666666667 0.169333333333333 0.002 0.000333333333333333 0.0186666666666667 0.141666666666667 0.032 0 0.0556666666666667 0.059 0.01 0.0133333333333333 0 0.00366666666666668 0.001 0.0316666666666667 0.0203333333333333 0 0.00233333333333333 0 0.000333333333333331 0.001 0.0316666666666667 0.0203333333333333 0 0.00233333333333333 0 0.000333333333333331 0 0 0.031 0.000333333333333333 0.000333333333333333 0.0203333333333333 0 0 0 0.0316666666666667 0 0 0.0203333333333333 0
"ERR3839905" 0.0753333333333333 0.874333333333333 0.009 0.035 0.003 0 0.0033333333333333 0.0486666666666667 0.0266666666666667 0 0.011 0.0193333333333333 0.00166666666666667 0.0166666666666667 0 0 0.000333333333333333 0.00733333333333333 0.003 0 0.000333333333333333 0 0 0.000333333333333333 0.00733333333333333 0.003 0 0.000333333333333333 0 0 0 0 0.007 0 0.000333333333333333 0.003 0 0 0 0.00733333333333333 0 0 0.003 0
"ERR3839906" 0.109479305740988 0.819759679572764 0.0196929238985314 0.0453938584779706 0.000333778371161549 0.00100133511348465 0.00433911882510019 0.0794392523364486 0.0300400534045394 0 0.02369826435247 0.0196929238985314 0.00500667556742323 0.031041388518024 0 0 0 0.0190253671562083 0.00467289719626168 0 0 0 0 0 0.0190253671562083 0.00467289719626168 0 0 0 0 0 0 0.0183578104138852 0.000667556742323097 0 0.00467289719626168 0 0 0 0.0190253671562083 0 0 0.00467289719626168 0
"ERR3839907" 0.0696666666666667 0.887666666666667 0.008 0.033 0.000333333333333333 0 0.0013333333333333 0.038 0.0316666666666667 0 0.008 0.01 0.001 0.019 0 -6.93889390390723e-18 0 0.006 0.002 0 0 0 0 0 0.006 0.002 0 0 0 0 0 0 0.00566666666666667 0.000333333333333333 0 0.002 0 0 0 0.006 0 0 0.002 0
"ERR3839908" 0.323666666666667 0.158666666666667 0.181 0.32 0 0.004 0.0126666666666666 0.247333333333333 0.076 0.000333333333333352 0.08 0.128666666666667 0.031 0.005 0 0.00266666666666665 0.00266666666666667 0.063 0.00966666666666667 0 0.00366666666666667 0 0.001 0.00266666666666667 0.063 0.01 0 0.00366666666666667 0 0.000666666666666677 0 0 0.0603333333333333 0.00266666666666667 0 0.00966666666666667 0 0 0 0.063 0 0 0.00966666666666667 0
"ERR3839909" 0.289096365455152 0.283094364788263 0.175058352784261 0.229409803267756 0 0.0053351117039013 0.0180060020006668 0.212737579193064 0.0763587862620874 0 0.0920306768922974 0.0666888962987663 0.0393464488162721 0.0113371123707903 0 0.0033344448149383 0.00133377792597533 0.0803601200400133 0.00866955651883961 0 0.00166722240746916 0 1.38777878078145e-17 0.00133377792597533 0.0803601200400133 0.00866955651883961 0 0.00166722240746916 0 1.38777878078145e-17 0 0 0.0766922307435812 0.00333444481493831 0.000333444481493831 0.00866955651883961 0 0 0 0.0803601200400133 0 0 0.00866955651883961 0
"ERR3839910" 0.350450150050017 0.219739913304435 0.133377792597533 0.266755585195065 0 0.00433477825941981 0.0253417805935311 0.21840613537846 0.132044014671557 0 0.0733577859286429 0.0763587862620874 0.0300100033344448 0.0350116705568523 0 0.00366788929643214 0.00300100033344448 0.0616872290763588 0.00700233411137046 0 0.00166722240746916 0 1.38777878078145e-17 0.00300100033344448 0.0616872290763588 0.00700233411137046 0 0.00166722240746916 0 1.38777878078145e-17 0 0 0.0583527842614205 0.00333444481493831 0 0.00700233411137046 0 0 0 0.0616872290763588 0 0 0.00700233411137046 0
"ERR3839911" 0.238333333333333 0.495666666666667 0.088 0.163333333333333 0.000333333333333333 0.00333333333333333 0.0110000000000001 0.172666666666667 0.0656666666666667 0 0.072 0.0473333333333333 0.037 0.0133333333333333 0 0.003 0.00133333333333333 0.0646666666666667 0.006 0 0 0 -1.38777878078145e-17 0.00133333333333333 0.0646666666666667 0.006 0 0 0 -1.38777878078145e-17 0 0 0.0616666666666667 0.00266666666666667 0.000333333333333333 0.006 0 0 0 0.0646666666666667 0 0 0.006 0
"ERR3839912" 0.225333333333333 0.406 0.157666666666667 0.194666666666667 0 0.000666666666666667 0.0156666666666667 0.183 0.0423333333333333 0 0.0996666666666667 0.0503333333333333 0.0226666666666667 0.009 0 0.00133333333333333 0.000666666666666667 0.0736666666666667 0.0213333333333333 0 0.003 0 0.001 0.000666666666666667 0.0736666666666667 0.0213333333333333 0 0.003 0 0.001 0 0 0.07 0.00366666666666667 0 0.0213333333333333 0 0 0 0.0736666666666667 0 0 0.0213333333333333 0
"ERR3839913" 0.396333333333333 0.347666666666667 0.0526666666666667 0.185666666666667 0.000333333333333333 0.00433333333333333 0.0130000000000001 0.292333333333333 0.104 0 0.128333333333333 0.0836666666666667 0.0566666666666667 0.02 0 0.00366666666666665 0.00366666666666667 0.113666666666667 0.0106666666666667 0 0.000333333333333333 0 0 0.00366666666666667 0.113666666666667 0.0106666666666667 0 0.000333333333333333 0 0 0 0 0.109666666666667 0.004 0 0.0106666666666667 0 0 0 0.113666666666667 0 0 0.0106666666666667 0
"ERR3839914" 0.241666666666667 0.634333333333333 0.0353333333333333 0.0823333333333333 0 0.000666666666666667 0.0056666666666666 0.140666666666667 0.101 0 0.0666666666666667 0.047 0.015 0.0113333333333333 0 0.000666666666666677 0.000666666666666667 0.0516666666666667 0.0136666666666667 0 0.000666666666666667 0 0 0.000666666666666667 0.0516666666666667 0.0136666666666667 0 0.000666666666666667 0 0 0 0 0.05 0.00166666666666667 0 0.0136666666666667 0 0 0 0.0516666666666667 0 0 0.0136666666666667 0
"ERR3839915" 0.211 0.668 0.0233333333333333 0.0906666666666667 0.000333333333333333 0.000333333333333333 0.00633333333333341 0.117 0.094 -2.77555756156289e-17 0.0496666666666667 0.0473333333333333 0.002 0.018 0 0 0 0.0403333333333333 0.00733333333333333 0 0.00133333333333333 0 0.00066666666666667 0 0.0403333333333333 0.00733333333333333 0 0.00133333333333333 0 0.00066666666666667 0 0 0.0393333333333333 0.001 0 0.00733333333333333 0 0 0 0.0403333333333333 0 0 0.00733333333333333 0
"ERR3839916" 0.228152101400934 0.57238158772515 0.0366911274182789 0.14609739826551 0.00066711140760507 0 0.0160106737825215 0.135757171447632 0.0920613742494997 0.000333555703802529 0.048032021347565 0.0693795863909273 0.00533689126084056 0.0130086724482989 0 0 0.00066711140760507 0.033689126084056 0.00967311541027352 0 0.00400266844563042 0 -1.38777878078145e-17 0.00066711140760507 0.033689126084056 0.00967311541027352 0 0.00400266844563042 0 -1.38777878078145e-17 0 0 0.0333555703802535 0.000333555703802535 0 0.00967311541027352 0 0 0 0.033689126084056 0 0 0.00967311541027352 0
