"Phylum=Pseudomonadota" "Phylum=Cyanobacteriota" "Phylum=Actinomycetota" "Phylum=Bacteroidota" "Phylum=Bacillota" "Phylum=Acidobacteriota" "Phylum=other_Bacteria" "Class=Alphaproteobacteria" "Class=Gammaproteobacteria" "Class=other_Pseudomonadota" "Order=Hyphomicrobiales" "Order=Sphingomonadales" "Order=Acetobacterales" "Order=Rickettsiales" "Order=Rhodobacterales" "Order=other_Alphaproteobacteria" "FamilyG=Beijerinckiaceae" "FamilyG=Lichenihabitantaceae" "FamilyG=Methylobacteriaceae" "FamilyG=Methylocystaceae" "FamilyG=Rhizobiaceae" "FamilyG=Xanthobacteraceae" "FamilyG=other_Hyphomicrobiales" "FamilyS=Beijerinckiaceae" "FamilyS=Lichenihabitantaceae" "FamilyS=Methylobacteriaceae" "FamilyS=Methylocystaceae" "FamilyS=Rhizobiaceae" "FamilyS=Xanthobacteraceae" "FamilyS=other_Hyphomicrobiales" "GenusG=Enterovirga" "GenusG=JAJXWB01" "GenusG=Lichenibacterium" "GenusG=Lichenifustis" "GenusG=Lichenihabitans" "GenusG=Methylobacterium" "GenusG=RHAL1" "GenusS=Enterovirga" "GenusS=JAJXWB01" "GenusS=Lichenibacterium" "GenusS=Lichenifustis" "GenusS=Lichenihabitans" "GenusS=Methylobacterium" "GenusS=RHAL1"
"DRR374644" 0 0.36 0.64 0 0 0 0 0 0 0 0 0 0 0 0 0 0 0 0 0 0 0 0 0 0 0 0 0 0 0 0 0 0 0 0 0 0 0 0 0 0 0 0 0
"DRR374645" 0.450333333333333 0 0.268 0 0.281666666666667 0 0 0.0793333333333333 0.371 -5.55111512312578e-17 0 0.062 0 0.0173333333333333 0 0 0 0 0 0 0 0 0 0 0 0 0 0 0 0 0 0 0 0 0 0 0 0 0 0 0 0 0 0
"DRR374646" 0.693 0.0276666666666667 0.107333333333333 0.0286666666666667 0.132333333333333 0.004 0.00700000000000023 0.158333333333333 0.534666666666667 0 0.0223333333333333 0.0223333333333333 0.046 0.00133333333333333 0.0146666666666667 0.0516666666666667 0 0 0.0116666666666667 0 0.0106666666666667 0 0 0 0 0.0116666666666667 0 0.0106666666666667 0 0 0 0 0 0 0 0.0116666666666667 0 0 0 0 0 0 0.0116666666666667 0
"DRR374647" 0.332 0.0336666666666667 0.249 0.0516666666666667 0.272666666666667 0.015 0.0459999999999999 0.186 0.144333333333333 0.00166666666666665 0.0943333333333333 0.0643333333333333 0.001 0.0186666666666667 0.00766666666666667 0 0 0.0826666666666667 0 0 0.0116666666666667 0 0 0 0.0826666666666667 0 0 0.0116666666666667 0 0 0 0 0.0826666666666667 0 0 0 0 0 0 0.0826666666666667 0 0 0 0
"DRR374648" 0.226666666666667 0 0.431 0.0246666666666667 0.277333333333333 0.0156666666666667 0.0246666666666667 0.045 0.181666666666667 -2.77555756156289e-17 0.045 0 0 0 0 0 0 0 0 0 0.045 0 0 0 0 0 0 0.045 0 0 0 0 0 0 0 0 0 0 0 0 0 0 0 0
"DRR374650" 0.16895459345301 0.209081309398099 0.306934178106301 0 0.151707145371348 0 0.163322773671243 0.0922210489264344 0.0767335445265751 0 0.038718760999648 0.0038718760999648 0.0457585357268567 0.0038718760999648 0 1.38777878078145e-17 0 0 0.038718760999648 0 0 0 0 0 0 0.038718760999648 0 0 0 0 0 0 0 0 0 0.038718760999648 0 0 0 0 0 0 0.038718760999648 0
"DRR374651" 0.505501833944648 0 0.232077359119707 0 0.204068022674225 0.00300100033344448 0.055351783927976 0.347782594198066 0.157719239746582 0 0.0460153384461487 0.176392130710237 0 0.125375125041681 0 0 0 0 0.0460153384461487 0 0 0 0 0 0 0.0460153384461487 0 0 0 0 0 0 0 0 0 0.0460153384461487 0 0 0 0 0 0 0.0460153384461487 0
"DRR374652" 0.416666666666667 0.02 0.197333333333333 0.0393333333333333 0.191333333333333 0.135333333333333 0 0.173333333333333 0.243333333333333 0 0.059 0.0546666666666667 0.0596666666666667 0 0 0 0 0.059 0 0 0 0 0 0 0.059 0 0 0 0 0 0 0 0.059 0 0 0 0 0 0 0.059 0 0 0 0
"DRR374655" 0.0786666666666667 0.017 0.659333333333333 0 0.245 0 0 0.00133333333333333 0.0773333333333333 -1.38777878078145e-17 0.00133333333333333 0 0 0 0 0 0 0 0.00133333333333333 0 0 0 0 0 0 0.00133333333333333 0 0 0 0 0 0 0 0 0 0.00133333333333333 0 0 0 0 0 0 0.00133333333333333 0
"DRR374657" 0.517 0.0126666666666667 0.0673333333333333 0.000333333333333333 0.401 0 0.00166666666666659 0.0293333333333333 0.487666666666667 0 0.0103333333333333 0.0103333333333333 0 0.008 0.000666666666666667 0 0 0 0.0103333333333333 0 0 0 0 0 0 0.0103333333333333 0 0 0 0 0 0 0 0 0 0.0103333333333333 0 0 0 0 0 0 0.0103333333333333 0
"DRR374658" 0.226666666666667 0.000666666666666667 0.458 0.021 0.000666666666666667 0.148666666666667 0.144333333333333 0.225333333333333 0.00133333333333333 0 0 0.0116666666666667 0 0.0623333333333333 0.087 0.0643333333333334 0 0 0 0 0 0 0 0 0 0 0 0 0 0 0 0 0 0 0 0 0 0 0 0 0 0 0 0
"DRR374660" 0.296 0.000666666666666667 0.392 0.055 0.199333333333333 0 0.0569999999999999 0.241 0.055 0 0.0776666666666667 0.119333333333333 0 0.044 0 0 0 0.009 0.048 0 0.0206666666666667 0 0 0 0.009 0.0256666666666667 0 0.0206666666666667 0 0.0223333333333333 0 0 0.009 0 0 0.0256666666666667 0 0 0 0.009 0 0 0.0256666666666667 0
"DRR374661" 0.391 0.186666666666667 0.222333333333333 0.068 0.0993333333333333 0 0.0326666666666666 0.253333333333333 0.137666666666667 0 0.113333333333333 0.0626666666666667 0 0.0626666666666667 0.0146666666666667 5.55111512312578e-17 0 0 0.0613333333333333 0 0.052 0 0 0 0 0.0333333333333333 0 0.052 0 0.028 0 0 0 0 0 0.0333333333333333 0 0 0 0 0 0 0.0333333333333333 0
"DRR374662" 0.244666666666667 0 0.326333333333333 0.0416666666666667 0.374333333333333 0 0.0130000000000001 0.168333333333333 0.0763333333333333 0 0.0806666666666667 0.0296666666666667 0.004 0.017 0.005 0.032 0 0 0.0806666666666667 0 0 0 0 0 0 0.0806666666666667 0 0 0 0 0.0223333333333333 0 0 0 0 0.0583333333333333 0 0 0 0 0 0 0.0583333333333333 0
"DRR374663" 0.457 0.187666666666667 0.244333333333333 0.007 0.104 0 0 0.263666666666667 0.193333333333333 5.55111512312578e-17 0.0243333333333333 0.0383333333333333 0 0.201 0 0 0 0 0 0 0 0.0243333333333333 0 0 0 0 0 0 0.0243333333333333 0 0 0 0 0 0 0 0 0 0 0 0 0 0 0
"DRR374664" 0.614333333333333 0.184333333333333 0.0916666666666667 0 0.109666666666667 0 0 0.553666666666667 0.0606666666666667 0 0.115 0.264 0 0.16 0.0143333333333333 0.000333333333333297 0 0 0.115 0 0 0 0 0 0 0.115 0 0 0 0 0 0 0 0 0 0.115 0 0 0 0 0 0 0.115 0
"DRR374665" 0.366666666666667 0.000333333333333333 0.510666666666667 0.00333333333333333 0.119 0 0 0.232666666666667 0.134 -5.55111512312578e-17 0.129333333333333 0.0576666666666667 0 0.0456666666666667 0 0 0 0 0.0746666666666667 0 0 0 0.0546666666666667 0 0 0.0746666666666667 0 0 0 0.0546666666666667 0 0 0 0 0 0.0746666666666667 0 0 0 0 0 0 0.0746666666666667 0
"DRR374666" 0.327 0.156333333333333 0.134666666666667 0.000666666666666667 0.38 0 0.0013333333333333 0.273666666666667 0.0533333333333333 0 0.0723333333333333 0.004 0.113333333333333 0.084 0 0 0 0 0.0723333333333333 0 0 0 0 0 0 0.0723333333333333 0 0 0 0 0 0 0 0 0 0.0723333333333333 0 0 0 0 0 0 0.0723333333333333 0
"DRR374667" 0.332333333333333 0.0413333333333333 0.366666666666667 0.002 0.215 0.000333333333333333 0.0423333333333334 0.279333333333333 0.053 0 0.138333333333333 0.05 0.03 0.0453333333333333 0.0156666666666667 -5.55111512312578e-17 0 0 0.110666666666667 0 0 0 0.0276666666666667 0 0 0.110666666666667 0 0 0 0.0276666666666667 0 0 0 0 0 0.110666666666667 0 0 0 0 0 0 0.110666666666667 0
"DRR374668" 0.552666666666667 0.0763333333333333 0.207 0 0.158 0 0.006 0.485 0.0676666666666667 0 0.0926666666666667 0.196 0 0.196333333333333 0 0 0 0 0.0713333333333333 0 0.006 0 0.0153333333333333 0 0 0.0713333333333333 0 0.006 0 0.0153333333333333 0 0 0 0 0 0.0713333333333333 0 0 0 0 0 0 0.0713333333333333 0
"DRR374669" 0.449666666666667 0 0.263666666666667 0.01 0.0556666666666667 0.000333333333333333 0.220666666666667 0.202 0.247666666666667 0 0.0503333333333333 0.067 0.00133333333333333 0.072 0.0106666666666667 0.000666666666666677 0 0 0.001 0 0.0493333333333333 0 0 0 0 0.001 0 0.0493333333333333 0 0 0 0 0 0 0 0.001 0 0 0 0 0 0 0.001 0
"DRR374670" 0.452786119452786 0.212212212212212 0.17650984317651 0.0413747080413747 0.0904237570904238 0 0.0266933600266934 0.341675008341675 0.111111111111111 0 0.0503837170503837 0.0567233900567234 0.0824157490824158 0.152152152152152 0 0 0 0 0.0503837170503837 0 0 0 0 0 0 0.0503837170503837 0 0 0 0 0 0 0 0 0 0.0503837170503837 0 0 0 0 0 0 0.0503837170503837 0
"DRR374671" 0.157666666666667 0.0876666666666667 0.648 0 0.0623333333333333 0 0.0443333333333333 0.113 0.0446666666666667 0 0.0713333333333333 0.0416666666666667 0 0 0 1.38777878078145e-17 0 0 0.0706666666666667 0 0.000666666666666667 0 0 0 0 0.0706666666666667 0 0.000666666666666667 0 0 0 0 0 0 0 0.0706666666666667 0 0 0 0 0 0 0.0706666666666667 0
"DRR374673" 0.137333333333333 0.009 0.590666666666667 0 0.228333333333333 0.000333333333333333 0.0343333333333333 0.0913333333333333 0.046 0 0.0536666666666667 0.0376666666666667 0 0 0 0 0 0.0196666666666667 0.0126666666666667 0 0.012 0 0.00933333333333333 0 0.0196666666666667 0.0126666666666667 0 0.012 0 0.00933333333333333 0 0 0.0196666666666667 0 0 0.0126666666666667 0 0 0 0.0196666666666667 0 0 0.0126666666666667 0
"DRR374674" 0.452484161387129 0 0.400800266755585 0 0.146715571857286 0 0 0.15838612870957 0.294098032677559 0 0.000333444481493831 0.158052684228076 0 0 0 0 0 0 0 0 0 0.000333444481493831 0 0 0 0 0 0 0.000333444481493831 0 0 0 0 0 0 0 0 0 0 0 0 0 0 0
"DRR374675" 0.199 0.339333333333333 0.297 0.0316666666666667 0.133 0 1.11022302462516e-16 0.152 0.047 0 0.127333333333333 0.015 0 0.00966666666666667 0 2.77555756156289e-17 0 0.127333333333333 0 0 0 0 0 0 0.127333333333333 0 0 0 0 0 0 0 0.127333333333333 0 0 0 0 0 0 0.127333333333333 0 0 0 0
"DRR374676" 0.506333333333333 0 0.342 0.0273333333333333 0.00666666666666667 0.0306666666666667 0.087 0.416 0.0903333333333333 0 0.112666666666667 0.194 0 0.00433333333333333 0.0366666666666667 0.0683333333333333 0 0 0.065 0 0.0313333333333333 0.0113333333333333 0.005 0 0 0.065 0 0.0313333333333333 0.0113333333333333 0.005 0 0 0 0 0 0.065 0 0 0 0 0 0 0.065 0
"DRR374677" 0.225666666666667 0.0333333333333333 0.196 0.062 0.349666666666667 0.0443333333333333 0.089 0.134333333333333 0.0913333333333333 -2.77555756156289e-17 0.0433333333333333 0 0.0576666666666667 0.0333333333333333 0 0 0 0 0.0256666666666667 0 0.0176666666666667 0 0 0 0 0.0256666666666667 0 0.0176666666666667 0 0 0 0 0 0 0 0.0256666666666667 0 0 0 0 0 0 0.0256666666666667 0
"DRR374678" 0.261928595261929 0.049049049049049 0.269936603269937 0.108775442108775 0.225892559225893 0.015015015015015 0.0694027360694027 0.196863530196864 0.0650650650650651 0 0.0794127460794127 0.048048048048048 0.0326993660326994 0.0123456790123457 0.0113446780113447 0.013013013013013 0 0.0146813480146813 0.037037037037037 0 0.0166833500166833 0.002002002002002 0.00900900900900901 0 0.0146813480146813 0.0293626960293627 0 0.0166833500166833 0.002002002002002 0.0166833500166833 0.000667334000667334 0 0.0136803470136803 0.001001001001001 0 0.0293626960293627 0 0 0 0.0146813480146813 0 0 0.0293626960293627 0
"DRR374679" 0.387795931977326 0.0470156718906302 0.277092364121374 0.0670223407802601 0.08702900966989 0.0433477825941981 0.090696898966322 0.199399799933311 0.188396132044015 0 0.0500166722240747 0.0706902300766922 0.0396798932977659 0.00666888962987663 0.0186728909636546 0.0136712237412471 0.00500166722240747 0 0.0140046682227409 0 0.0133377792597533 0.0136712237412471 0.00400133377792598 0.00500166722240747 0 0.0140046682227409 0 0.0133377792597533 0.0136712237412471 0.00400133377792598 0 0 0 0 0 0.0140046682227409 0.00500166722240747 0 0 0 0 0 0.0140046682227409 0
"DRR374680" 0.320666666666667 0 0.197333333333333 0.0466666666666667 0.371666666666667 0 0.0636666666666668 0.239333333333333 0.0813333333333333 0 0.0896666666666667 0.0566666666666667 0.0223333333333333 0.013 0.016 0.0416666666666666 0 0 0.069 0 0 0 0.0206666666666667 0 0 0.058 0 0 0 0.0316666666666667 0 0 0 0 0 0.058 0 0 0 0 0 0 0.058 0
"DRR374681" 0.467801134467801 0.0910910910910911 0.225892559225893 0.0116783450116783 0.0934267600934268 0.0797464130797464 0.0303636970303638 0.376376376376376 0.0914247580914248 0 0.139806473139806 0.177177177177177 0.0176843510176844 0.0413747080413747 0 0.00033366700033366 0 0.0113446780113447 0.000333667000333667 0.032032032032032 0.0226893560226894 0.0640640640640641 0.00934267600934269 0.032032032032032 0.0113446780113447 0.000333667000333667 0 0.0226893560226894 0.0640640640640641 0.00934267600934269 0 0 0.0113446780113447 0 0 0.000333667000333667 0 0 0 0.0113446780113447 0 0 0.000333667000333667 0
"DRR374682" 0.804934978326109 0 0.0703567855951984 0 0.124708236078693 0 0 0.444814938312771 0.360120040013338 0 0.442814271423808 0.00133377792597533 0 0.000666888962987663 0 0 0 0 0 0 0.442814271423808 0 0 0 0 0 0 0.442814271423808 0 0 0 0 0 0 0 0 0 0 0 0 0 0 0 0
"DRR374683" 0.215333333333333 0.000666666666666667 0.277333333333333 0.039 0.295333333333333 0.03 0.142333333333333 0.191 0.0243333333333333 0 0.0483333333333333 0.0453333333333333 0 0.031 0.0663333333333333 0 0 0.0216666666666667 0 0 0 0 0.0266666666666667 0 0.0216666666666667 0 0 0 0 0.0266666666666667 0 0 0.0216666666666667 0 0 0 0 0 0 0.0216666666666667 0 0 0 0
"DRR374684" 0.321666666666667 0.064 0.159333333333333 0.115 0.147333333333333 0.0846666666666667 0.108 0.321 0.000666666666666667 0 0.251 0.0696666666666667 0 0 0 0.000333333333333352 0 0.043 0.124333333333333 0 0 0 0.0836666666666667 0 0.043 0.124333333333333 0 0 0 0.0836666666666667 0 0 0.043 0 0 0.124333333333333 0 0 0 0.043 0 0 0.124333333333333 0
"DRR374685" 0.219 0.194333333333333 0.117666666666667 0.0253333333333333 0.278333333333333 0.00766666666666667 0.157666666666667 0.14 0.079 -2.77555756156289e-17 0.0186666666666667 0.0273333333333333 0.0433333333333333 0.002 0.0433333333333333 0.00533333333333336 0 0 0.00666666666666667 0 0.012 0 0 0 0 0.00666666666666667 0 0.012 0 0 0 0 0 0 0 0 0 0 0 0 0 0 0 0
"DRR374686" 0.131798465131798 0.346012679346013 0.0730730730730731 0.0343677010343677 0.00133466800133467 0.101434768101435 0.311978645311979 0.0967634300967634 0.035035035035035 0 0.0363697030363697 0.00867534200867534 0.0113446780113447 0.004004004004004 0.0196863530196864 0.0166833500166833 0 0 0.0347013680347014 0 0 0 0.00166833500166833 0 0 0.0347013680347014 0 0 0 0.00166833500166833 0 0 0 0 0 0.0347013680347014 0 0 0 0 0 0 0.0347013680347014 0
