"Aerosol Temperate Asia,Air,PRJDB13521" "Bark Temperate Europe,Bark,PRJNA290145" "Endophyte Greenhouse  Asia,Lycopodes,PRJNA867490" "Epiphyte Tropical South_America,Tillandsia,PRJNA1134710" "Leaves Greenhouse Europe,Grapevine,PRJEB59055" "Leaves Subtropical Asia,Bamboo,PRJNA718425" "Leaves Subtropical Asia,Forest,PRJNA1001021-5k" "Leaves Temperate Asia,Forest,PRJNA1001021-5k" "Leaves Temperate Europe,Forest,PRJEB36420" "Leaves Temperate Europe,Grapevine,PRJEB59055" "Leaves Temperate North_America,Forest,PRJNA729807" "Leaves Tropical Asia,Forest,PRJNA1001021-5k" "Leaves Tropical Europe,Kiwi,PRJNA665460" "Lichen Temperate Europe,Bark,PRJNA290145" "Lichen Tropical South_America,Lichen,PRJNA558995" "Moss Temperate Europe,Bark,PRJNA290145" "Moss Tundra Europe,Moss,PRJEB40635" "Photovoltaic panel Tropical South_America,Surface,PRJEB43933" "Snow North_America,Surface,PRJNA948675"
"" 37 37 9 12 4 101 539 294 80 24 46 608 8 39 47 48 46 6 13
"Phylum.Pseudomonadota" 0.348891508470339 0.637108713845518 0.707154604671349 0.316377613760284 0.95790394517577 0.55347194719472 0.730852584609401 0.639278039701018 0.25118930362319 0.871021378019985 0.321855072463768 0.698714185906847 0.41921499007486 0.382539834595481 0.481014184397163 0.231549723383497 0.199170453454515 0.77561011786101 0.520688246935156
"Phylum.Cyanobacteriota" 0.0807602345852368 0.0380966271673775 0.00014823464618256 0.585661860115985 0.0419732047013796 0.156719471947195 0.00155473944541977 0.000551020786218233 0.475310366153963 0.087275916007609 0.00171014492753623 0.00343992905757444 0.507325336320929 0.162680569662489 0.33636170212766 0.166472222222222 0.435990581856918 0.0914215603042653 0.13780626590249
"Phylum.Actinomycetota" 0.28904521709307 0.0472223328411487 0.133773190177853 0.0418344122513238 0 0.0258976897689769 0.0528724549636304 0.107933854094291 0.133129320874326 0.00183189213829302 0.349253623188406 0.135862595473409 0.00926131456158196 0.0311991553371013 0.0132340425531915 0.0129097222222222 0.0596499496081575 0.00645086574755171 0.0526977049011797
"Phylum.Bacteroidota" 0.0260419424408051 0.0412904824984557 0.0461639272860977 0.0153989204815481 0 0.0995841584158416 0.0814624356795124 0.193653915530105 0.118774970716788 0.0016035588661287 0.201804347826087 0.0224784875577645 0.0583563606908612 0.0478741837577758 0.0346241134751773 0.0827222222222222 0.0248375569122033 0.121233144432578 0.0198284886958459
"Phylum.Bacillota" 0.178765019731419 0.00804644964845362 0.00518748316208404 0.00186221405998233 0.000122850122850123 0.0015049504950495 0.00836551062764563 0.00473129781028076 0.00337927736714436 0.0341951910702451 0.00695652173913044 0.0160471580658591 0.00158566332551945 0.00214658860626577 0.000950354609929077 0.00197535773826063 0.00770954090222437 0.00105627942986776 0.120543370428436
"Phylum.Acidobacteriota" 0.0205282426790227 0.0361564024243716 0.0636637125388882 0.013286796458812 0 0.133749174917492 0.0634813517922059 0.00310205253880478 0.00230572502419815 0 0.020304347826087 0.0842585630963997 0.00012523716727463 0.0208641029574683 0.0809219858156028 0.0302083333333333 0.102451814771954 0.000611834985423318 0.0875273929767749
"Phylum.other_Bacteria" 0.0559678350001076 0.192078991574675 0.043908847517545 0.0255781828720648 0 0.029072607260726 0.0614109228821849 0.0507498195392821 0.0159110362403912 0.00407206389773937 0.0981159420289855 0.0391990808421459 0.00413109785897361 0.352695565083418 0.0528936170212766 0.474162418878243 0.170190102494027 0.00361619723930392 0.0609085301601171
"Class.Alphaproteobacteria" 0.213593230317797 0.54953939216387 0.383999177080085 0.2348423931047 0.952348635094164 0.449689768976898 0.512112210109331 0.378319956808862 0.166580543062735 0.786550450008529 0.226478260869565 0.556476969715393 0.308188607955863 0.343333902518257 0.229106382978723 0.148018342145648 0.15284388307125 0.773274056967401 0.344652745294576
"Class.Gammaproteobacteria" 0.135253233107497 0.0420744524583402 0.323081328809361 0.0815352206555843 0.00555531008160607 0.103686468646865 0.218466405417402 0.26090933005769 0.0844252908961428 0.0844709280114564 0.0953405797101449 0.142169749421201 0.110984506072097 0.0288222147423794 0.25190780141844 0.0504930555555556 0.0462771244671018 0.00233606089360963 0.176009860614939
"Class.other_Pseudomonadota" 4.50450450450405e-05 0.0454948692233076 7.40987819039961e-05 0 2.7755575615629e-17 9.57095709570994e-05 0.000273969082668048 4.87528344671228e-05 0.000183469664312329 0 3.62318840579731e-05 6.74667702532707e-05 4.18760469011754e-05 0.0103837173348445 -7.67707410645055e-18 0.0330383256822929 4.94459161631291e-05 3.7007434154172e-17 2.56410256410249e-05
"Order.Hyphomicrobiales" 0.076383904330121 0.038655093245302 0.172260077956902 0.0720967349354437 0.313452808428425 0.157927392739274 0.315426782309617 0.137042988042738 0.0676567781510739 0.406284382502662 0.132615942028986 0.363128789626914 0.144384517899043 0.0837814181162626 0.0779078014184397 0.0235069444444444 0.0349537117650633 0.310874302561335 0.135270323061502
"Order.Sphingomonadales" 0.0622242699909433 0.0596181522341654 0.132702163443425 0.0514550074526523 0.175951316688219 0.114303630363036 0.0999651525959846 0.209982889921943 0.0561937032945292 0.159455183042106 0.0218550724637681 0.0694484369130053 0.117821798709564 0.0378911951623612 0.0279148936170213 0.0222916666666667 0.0123844141196302 0.00322647288191287 0.0159494375765676
"Order.Acetobacterales" 0.0164391686442009 0.0283110105319941 0.0193811101409782 0.00730913406773904 0.134561097203169 0.158597359735974 0.0611474451937901 0.0209187640146193 0.0183341730169077 0.152459111046061 0.0617101449275362 0.0607887325145619 0.00621684259074633 0.0248212768113044 0.0814751773049645 0.00923611111111112 0.0546662406396568 0.0157372163519908 0.165404884902379
"Order.Rickettsiales" 0.0398772789984969 0.38058192549273 0.000518802720402151 0.0899128525729633 0.000122850122850123 0.0028943894389439 0.00803407919413923 0.00170182842681112 0.0226487554798917 0.00536965150458934 0.00260869565217391 0.00550938534324213 0.0390142629201359 0.180796530519236 0.00438297872340425 0.0840461199234259 0.0129767973417657 0.443157990305852 0.0111282051282051
"Order.Rhodobacterales" 0.0103343402340906 4.50450450450451e-05 0.00222363103872644 0 0.27172905998622 2.31023102310231e-05 5.31857360009182e-05 0.00162585147430096 5.00907092749138e-05 0.0401360418804382 0.000231884057971015 4.55162789554204e-05 0 0 0 0 0.000281640694234256 0.000166963755199049 0.000564102564102564
"Order.other_Alphaproteobacteria" 0.00833426811994443 0.0423281656146344 0.0569133917796513 0.0140686640759012 0.0565315026652806 0.0159438943894389 0.0274855650797989 0.00704763492844973 0.00169704241105752 0.0228460800326712 0.00745652173913043 0.0575561090387141 0.000751185836373136 0.0160434819090936 0.0374255319148936 0.0089375 0.0375810785108999 0.000111111111111136 0.0163357920618195
"FamilyG.Beijerinckiaceae" 0.000135180195200202 0.0031811029988861 0.0277203855538421 0.00277882527006902 0.00693876771991086 0.0225115511551155 0.0399852377217295 0.000342403628117914 0.00133817183862279 0.0160130242712911 0.00220289855072464 0.0501015314286617 0.000125027787040124 0.00593176076358218 0.0277304964539007 0.00207638888888889 0.00124859136936389 0 0.00171830853187352
"FamilyG.Lichenihabitantaceae" 0.0104961989016043 0.0157336554071021 0.0133031671592643 0.0192037799145302 0.0397185629981302 0.117244224422442 0.18770398731468 0.027546900454406 0.0515291953552296 0.104319461264399 0.0961739130434783 0.196708856651215 0.0204555630771396 0.0442239896701891 0.028063829787234 0.00474305555555556 0.0080331260861193 0.00906299704026108 0.106493056447951
"FamilyG.Methylobacteriaceae" 0.0338791321655223 0.00318938154770519 0.00685557111849882 0.0206760123567967 0.201624303060735 0.00665676567656766 0.0555178835046152 0.0807545471305242 0.0106594601789107 0.117649756993207 0.0136594202898551 0.0635796302290908 0.116617609345494 0.0122055900039564 0.00605673758865248 0.00126388888888889 0.00157828936555677 0.301644638854407 0.0164630976552126
"FamilyG.Methylocystaceae" 0.000153306459612766 0 0.00289055696015359 5.56018920113502e-05 0.000122850122850123 0.000102310231023102 0.00859989508094966 0.000578232048626942 4.16944629753168e-06 0.00589137634528799 0.00403623188405797 0.00349034040009343 0 0 0.00109219858156028 1.38888888888889e-05 0.000805188171124423 0 0.000102564102564102
"FamilyG.Rhizobiaceae" 0.020662831262782 0.00363966668770673 0.0234155852881964 0.00444760595312422 0.0323943988475834 0.00166006600660066 0.00365805632473333 0.0206417596540779 0.0036169031539781 0.139769853104886 0.00058695652173913 0.00290585853783209 0.00555855504319418 0.0018975214226382 0.00115602836879433 0.00154166666666667 0.00208805079460411 5.55555555555555e-05 0.000282171220026215
"FamilyG.Xanthobacteraceae" 0.00312803786366145 0.00234236638039107 0.0736200866324187 0.00900819373126488 0.01011935009914 0.002 0.00141991672095413 0.00175056689342404 4.5848628264697e-05 0.0113693210692035 0.000536231884057971 0.00148638235411952 4.18760469011725e-05 0.00312848449963223 0.00426950354609929 0.00392361111111111 0.00976145828139898 0 0.00223328792824283
"FamilyG.other_Hyphomicrobiales" 0.00792921748173799 0.0105689202235108 0.0244547252445276 0.0159267158176473 0.0225345755800749 0.00775247524752475 0.0185418056419556 0.00542857823356085 0.000463029549770495 0.0112715894543872 0.0154202898550725 0.0448561900259018 0.00158588659927402 0.0163940717562645 0.00953900709219858 0.00994444444444444 0.0114390076968958 0.000111111111111117 0.00797783717563203
"FamilyS.Beijerinckiaceae" 0.00100091079066053 0.00567719364206782 0.0264234714380775 0.0014171764234401 0.0065751375692885 0.0224323432343234 0.0605140511860431 0.00188435563177144 0.00127976591052511 0.0151607534107758 0.0187753623188406 0.0753368424752866 0.000542364274970495 0.00600013968191108 0.0219007092198581 0.000138888888888889 0.00139587403586309 0 0.00823196861051856
"FamilyS.Lichenihabitantaceae" 0.0104961989016043 0.018679877955994 0.0157490202550926 0.0199818821217272 0.0399773565685062 0.121633663366337 0.186394770656945 0.0271954216157801 0.0515375453774814 0.114899745746472 0.0945652173913043 0.201712927166516 0.0204555630771396 0.054275844717892 0.0316524822695035 0.00909722222222222 0.00831309773434861 0.00906299704026108 0.106621561421094
"FamilyS.Methylobacteriaceae" 0.0320140598860357 0.00414439061082236 0.00637387959982512 0.0201757342638395 0.202865967478471 0.00661386138613861 0.0564894460790793 0.0817114632302974 0.0106636268455774 0.117113965606975 0.0138478260869565 0.0681806414233851 0.117410699015808 0.0123081541065205 0.00597872340425532 0.00130555555555556 0.00148408646700605 0.301588990551681 0.0164374566295716
"FamilyS.Methylocystaceae" 0 0 0 0 0 0 0.000988871780595869 0.000263038926807802 0 0 0.00114492753623188 0.00189916712523306 0 0 0 0 0 0 0
"FamilyS.Rhizobiaceae" 0.020662831262782 0.00363966668770673 0.0234155852881964 0.00444760595312422 0.0323943988475834 0.00166006600660066 0.00365805632473333 0.0206417596540779 0.0036169031539781 0.139769853104886 0.00058695652173913 0.00290585853783209 0.00555855504319418 0.0018975214226382 0.00115602836879433 0.00154166666666667 0.00208805079460411 5.55555555555555e-05 0.000282171220026215
"FamilyS.Xanthobacteraceae" 0.00312803786366145 0.00234236638039107 0.0736200866324187 0.00900819373126488 0.01011935009914 0.002 0.00141991672095413 0.00175056689342404 4.5848628264697e-05 0.0113693210692035 0.000536231884057971 0.00148638235411952 4.18760469011725e-05 0.00312848449963223 0.00426950354609929 0.00392361111111111 0.00976145828139898 0 0.00223328792824283
"FamilyS.other_Hyphomicrobiales" 0.00908186562537712 0.00417159796832 0.0266780347432912 0.0170661424420478 0.0215205978654351 0.00358745874587458 0.00596166956126694 0.00359638209057911 0.00051308823524715 0.00797074356435004 0.00315942028985507 0.0116069705445423 0.000375460441029195 0.00617127368766863 0.0129503546099291 0.0075 0.0119111444518425 0.000166759413837883 0.00146387725204966
"GenusG.Enterovirga" 0.000729855982108234 0.00127934840144916 0.00207529742097675 0.00416839086037328 0.0132392415442432 0.000217821782178218 0.000599261600088374 0.00129025170194079 5.83848145543436e-05 0.0104638137717924 0.000463768115942029 0.0011189813716097 0 0.00488058702761892 0.00114184397163121 0.000340277777777778 0.00134342631730667 0.000945780797152572 0.000487179487179488
"GenusG.JAJXWB01" 0 0 0 2.78055833611389e-05 0 0 0.000386521543049909 0 4.16944629753168e-06 0.000300394543280283 3.6231884057971e-05 0.00128140353106784 0 0 7.09219858156028e-06 0 7.2463768115942e-06 0 0
"GenusG.Lichenibacterium" 0.0104691448204962 0.011318754079368 0.00314966808780799 0.00644723447039688 0.0370173417511346 0.0998712871287128 0.1752147246197 0.0243802061859436 0.0493775940543379 0.0851489480048074 0.0866231884057971 0.157455949620808 0.020121336648788 0.0290095732596413 0.0164822695035461 0.000256944444444444 0.00169595942341604 0.00889605213208078 0.0801080212804235
"GenusG.Lichenifustis" 2.70540811081351e-05 0.00240570900229225 0.00604015136985606 0.00655952412576224 0.00247353454389913 0.0102409240924092 0.012275284957192 0.00291952571063841 0.00199730084023874 0.0182929153079741 0.00857246376811594 0.0366810570205825 0.000334226428351606 0.0119920630524706 0.00282978723404256 0.00319444444444444 0.00177570826728516 0.0001669449081803 0.00466666666666667
"GenusG.Lichenihabitans" 0 0.00200919232544189 0.00329816213738573 0.00541889120651603 0.000227686703096539 0.00564686468646865 9.8948670377242e-06 0.000173472412699253 0.000145964348615543 0.00030297732389978 2.17391304347826e-05 5.48245614035087e-07 0 0.00211123654706049 0.00727659574468086 0.000458333333333333 0.00393802078853038 0 2.56410256410256e-05
"GenusG.Methylobacterium" 0.0312122580842338 0.00155868179490468 0.00444679211717627 0.010116915573823 0.1497680642682 0.00633993399339934 0.0530119952198449 0.0777477168053702 0.0106010753643564 0.0975408959386549 0.0130072463768116 0.0586608639063605 0.110062993778496 0.00705149585288039 0.00485106382978723 0.000875 0.000144927536231884 0.300587505654706 0.0157707899629049
"GenusG.RHAL1" 0.000135180195200202 0 0.023755396078751 2.77777777777778e-05 0 0.00505610561056106 0.00222264255281008 4.30839002267573e-05 0 4.52161331162958e-05 0.00058695652173913 0.0203078627908903 4.16666666666666e-05 0 0.00429078014184397 0 0 0 0
"GenusS.Enterovirga" 0 0.00127934840144916 0.00159360590230306 0.00380713144044304 0.0135963457989449 0.000227722772277228 0.000552879410849043 0.00113378911690678 5.83848145543436e-05 0.00777281639119848 0.000420289855072464 0.00107292654191643 0 0.00488058702761892 0.00117021276595745 0.000340277777777778 0.00137241182455305 0.000945780797152572 0.000179487179487179
"GenusS.JAJXWB01" 0 0 0 0 0 0 0 0 0 0 0 0 0 0 0 0 0 0 0
"GenusS.Lichenibacterium" 0.0104961989016043 0.018679877955994 0.0157490202550926 0.0199818821217272 0.0399773565685062 0.121633663366337 0.186394770656945 0.0271954216157801 0.0515375453774814 0.114899745746472 0.0945652173913043 0.201712927166516 0.0204555630771396 0.054275844717892 0.0316524822695035 0.00909722222222222 0.00831309773434861 0.00906299704026108 0.106621561421094
"GenusS.Lichenifustis" 0 0 0 0 0 0 0 0 0 0 0 0 0 0 0 0 0 0 0
"GenusS.Lichenihabitans" 0 0 0 0 0 0 0 0 0 0 0 0 0 0 0 0 0 0 0
"GenusS.Methylobacterium" 0.0312302761022519 0.00155868179490468 0.00448384150400892 0.0101450827411386 0.148761443808311 0.00637953795379538 0.0558518418692198 0.0802205312562478 0.0106010753643564 0.0972554865996832 0.0132608695652174 0.0664585821945622 0.117410699015808 0.00697457277595731 0.00479432624113475 0.000798611111111111 9.42028985507246e-05 0.300587505654706 0.015822072014187
"GenusS.RHAL1" 0 0 0 0 0 0 0 0 0 0 0 0 0 0 0 0 0 0 0
